00000000000
00000100101
00001001010
00001110010
00010010111
00010111100
00011100100
00100001001
00100101110
00000000001
00000100110
00001001011
00001110011
00010011000
00010111101
00011100101
00100001010
00100101111
00000000010
00000100111
00001001100
00001110100
00010011001
00010111110
00011100110
00100001011
00100110000
00000000011
00000101000
00001001101
00001110101
00010011010
00010111111
00011100111
00100001100
00100110001
00000000110
00000101011
00001010000
00001111000
00010011101
00011000010
00011101010
00100001111
00100110100
00000000111
00000101100
00001010001
00001111001
00010011110
00011000011
00011101011
00100010000
00100110101
00000001000
00000101101
00001010010
00001111010
00010011111
00011000100
00011101100
00100010001
00100110110
00000001001
00000101110
00001010011
00001111011
00010100000
00011000101
00011101101
00100010010
00100110111
00000001100
00000110001
00001010110
00001111110
00010100011
00011001000
00011110000
00100010101
00100111010
00000001101
00000110010
00001010111
00001111111
00010100100
00011001001
00011110001
00100010110
00100111011
00000001110
00000110011
00001011000
00010000000
00010100101
00011001010
00011110010
00100010111
00100111100
00000001111
00000110100
00001011001
00010000001
00010100110
00011001011
00011110011
00100011000
00100111101
00000010010
00000110111
00001011100
00010000100
00010101001
00011001110
00011110110
00100011011
00101000000
00000010011
00000111000
00001011101
00010000101
00010101010
00011001111
00011110111
00100011100
00101000001
00000010100
00000111001
00001011110
00010000110
00010101011
00011010000
00011111000
00100011101
00101000010
00000010101
00000111010
00001011111
00010000111
00010101100
00011010001
00011111001
00100011110
00101000011
