#time0col7[msb-lsb],time0col6[msb-lst],....,time0col0[msb-lst]#
#time1col7[msb-lsb],time1col6[msb-lst],....,time1col0[msb-lst]#
#................#
0000 0000 0000 0000 0000 0000 0000 0000 
0000 0000 0000 0000 0000 0000 0000 0000 
0000 0000 0000 0000 0000 0000 0000 0000 
0000 0000 0000 0000 0000 0000 0000 0000 
0000 0000 0000 0000 0000 0000 0000 0000 
0000 0000 0000 0000 0000 0000 0000 0000 
0000 0000 0000 0000 0000 0000 0000 0000 
0008 FFF0 0005 0006 FFDD 000F 000E FFFB 
0003 FFF6 0007 FFFE FFE5 0008 0006 FFF9 
0001 FFFC FFFD FFFE FFF6 0009 0007 FFF8 
0005 FFF2 0000 FFFC FFDA 0015 000E FFF0 
0000 0000 0000 0000 0000 0000 0000 0000 
0000 0000 0000 0000 0000 0000 0000 0000 
000E FFE4 001C 0008 FFB8 000A 0006 0004 
000F FFE2 001E 0000 FFA6 000F 0000 0000 
0007 FFF2 000E 0000 FFD6 0007 0000 0000 
0008 FFF0 0010 0000 FFD0 0008 0000 0000 
0000 0000 0000 0000 0000 0000 0000 0000 
0000 0000 0000 0000 0000 0000 0000 0000 
0010 FFE6 000E 0000 FFAF 0019 0003 FFFD 
0042 FFC8 0018 0012 FF7A 0042 0032 0022 
0056 FFCC 001C 0006 FFC4 0014 003C 0024 
0028 FFDE 000B FFF4 FFCA 000A 0015 FFF4 
0000 0000 0000 0000 0000 0000 0000 0000 
0000 0000 0000 0000 0000 0000 0000 0000 
0019 FFD6 FFFB FFFE FF94 0028 0028 FFFC 
0054 FFAA 0006 000B FF45 0048 005E 0024 
006B FF9E 0014 0009 FF62 0052 0088 000A 
002C FFB6 FFF5 FFEC FF80 004C 0071 FFB8 
0000 0000 0000 0000 0000 0000 0000 0000 
0000 0000 0000 0000 0000 0000 0000 0000 
0000 0000 0000 0000 0000 0000 0000 0000 
0000 0000 0000 0000 0000 0000 0000 0000 
0000 0000 0000 0000 0000 0000 0000 0000 
0000 0000 0000 0000 0000 0000 0000 0000 
0000 0000 0000 0000 0000 0000 0000 0000 
