#time0col7[msb-lsb],time0col6[msb-lst],....,time0col0[msb-lst]#
#time1col7[msb-lsb],time1col6[msb-lst],....,time1col0[msb-lst]#
#................#
0000 0000 0000 0000 0000 0000 0000 0000 
0000 0000 0000 0000 0000 0000 0000 0000 
0000 0000 0000 0000 0000 0000 0000 0000 
0000 0000 0000 0000 0000 0000 0000 0000 
0000 0000 0000 0000 0000 0000 0000 0000 
0000 0000 0000 0000 0000 0000 0000 0000 
0000 0000 0000 0000 0000 0000 0000 0000 
FFF9 FFF6 000B 0019 FFF3 001A 0013 FFFC 
0011 FFE4 FFE9 001F FFDF 0011 FFEB 0011 
FFFB FFF8 0003 0015 FFF9 000F 0009 0003 
0001 FFEE 0001 001F FFF5 001D 000B FFFF 
0000 0000 0000 0000 0000 0000 0000 0000 
0000 0000 0000 0000 0000 0000 0000 0000 
0007 FFFE 0001 0002 FFFE 0007 FFFF FFFE 
001A FFE5 FFD2 0027 FFF4 FFFE FFD0 002C 
0002 FFEE FFEE 002B 0005 FFFD FFEA 0027 
FFFF FFE8 FFE9 003C 0004 0001 FFE9 0031 
0000 0000 0000 0000 0000 0000 0000 0000 
0000 0000 0000 0000 0000 0000 0000 0000 
0000 0000 0000 0000 0000 0000 0000 0000 
001B FFE3 FFC7 0040 0007 FFFD FFC7 0043 
0014 FFEC FFD8 0032 000A 0000 FFD8 0032 
0032 FFE2 FFD8 003F 0003 001C FFD0 002F 
0000 0000 0000 0000 0000 0000 0000 0000 
0000 0000 0000 0000 0000 0000 0000 0000 
0000 0000 0000 0000 0000 0000 0000 0000 
0011 FFE8 FFF9 0009 FFE5 FFFB FFE3 000F 
0024 FFDD 0012 000B FFE4 000F FFE6 0001 
004D FFD6 0029 002B FFEB 003F FFE5 0002 
0000 0000 0000 0000 0000 0000 0000 0000 
0000 0000 0000 0000 0000 0000 0000 0000 
0000 0000 0000 0000 0000 0000 0000 0000 
0000 0000 0000 0000 0000 0000 0000 0000 
0000 0000 0000 0000 0000 0000 0000 0000 
0000 0000 0000 0000 0000 0000 0000 0000 
0000 0000 0000 0000 0000 0000 0000 0000 
