#time0col7[msb-lsb],time0col6[msb-lst],....,time0col0[msb-lst]#
#time1col7[msb-lsb],time1col6[msb-lst],....,time1col0[msb-lst]#
#................#
0000 0000 0000 0000 0000 0000 0000 0000 
0000 0000 0000 0000 0000 0000 0000 0000 
0000 0000 0000 0000 0000 0000 0000 0000 
0000 0000 0000 0000 0000 0000 0000 0000 
0000 0000 0000 0000 0000 0000 0000 0000 
0000 0000 0000 0000 0000 0000 0000 0000 
0000 0000 0000 0000 0000 0000 0000 0000 
000B FFF6 0001 0023 FFFE 000F 0023 FFFE 
0032 FFE8 000E 001E FFF4 0017 0013 0024 
0006 FFF8 0002 0016 1000 0011 0019 0008 
0017 FFEE FFF7 002B 000C 0023 0032 0008 
0000 0000 0000 0000 0000 0000 0000 0000 
0000 0000 0000 0000 0000 0000 0000 0000 
0007 FFFE FFF9 0007 0005 0000 0007 FFF9 
0024 FFE8 0006 0009 0008 0032 0012 0046 
000A FFEE 1000 000F 0012 002F 0025 003B 
000B FFE8 0003 0018 0014 0042 0034 004D 
0000 0000 0000 0000 0000 0000 0000 0000 
0000 0000 0000 0000 0000 0000 0000 0000 
0000 0000 0000 0000 0000 0000 0000 0000 
0014 FFE4 FFFA 000B 0020 0059 002D 0062 
000A FFEC FFF6 000A 001E 0046 0028 0046 
0027 FFE2 FFD9 0027 0035 004D 0048 0031 
0000 0000 0000 0000 0000 0000 0000 0000 
0000 0000 0000 0000 0000 0000 0000 0000 
0000 0000 0000 0000 0000 0000 0000 0000 
003A FFEC 000A 0010 FFF8 FFF1 0001 001A 
0060 FFE0 FFE4 0035 001A FFE4 002B FFF8 
0078 FFD6 FFA6 0069 0051 FFEB 0074 FFCA 
0000 0000 0000 0000 0000 0000 0000 0000 
0000 0000 0000 0000 0000 0000 0000 0000 
0000 0000 0000 0000 0000 0000 0000 0000 
0000 0000 0000 0000 0000 0000 0000 0000 
0000 0000 0000 0000 0000 0000 0000 0000 
0000 0000 0000 0000 0000 0000 0000 0000 
0000 0000 0000 0000 0000 0000 0000 0000 
