#time0col7[msb-lsb],time0col6[msb-lst],....,time0col0[msb-lst]#
#time1col7[msb-lsb],time1col6[msb-lst],....,time1col0[msb-lst]#
#................#
0000 0000 0000 0000 0000 0000 0000 0000 
0000 0000 0000 0000 0000 0000 0000 0000 
0000 0000 0000 0000 0000 0000 0000 0000 
0000 0000 0000 0000 0000 0000 0000 0000 
0000 0000 0000 0000 0000 0000 0000 0000 
0000 0000 0000 0000 0000 0000 0000 0000 
0000 0000 0000 0000 0000 0000 0000 0000 
0012 FFF0 001A 000C 0016 0008 FFF0 001A 
FFFE FFF6 001B FFFD 0006 0003 FFEA 0015 
0001 FFFC FFFF 0000 0005 0004 0006 0004 
0002 FFF2 0013 0003 0010 0005 FFFA 0017 
0000 0000 0000 0000 0000 0000 0000 0000 
0000 0000 0000 0000 0000 0000 0000 0000 
000E FFE4 005A 000E 001C FFFE FFB0 0040 
0000 FFE2 0069 000F 001E FFF1 FFA6 004B 
0000 FFF2 0031 0007 000E FFF9 FFD6 0023 
0000 FFF0 0038 0008 0010 FFF8 FFD0 0028 
0000 0000 0000 0000 0000 0000 0000 0000 
0000 0000 0000 0000 0000 0000 0000 0000 
0009 FFE6 0046 001F 0029 FFED FFD0 003B 
0030 FFC8 0080 004C 0042 FFE6 FFC0 006A 
FFEE FFCC 0068 000E 0004 0010 FFD0 0028 
FFDB FFDE 0038 FFFF 000F 000B FFE8 0015 
0000 0000 0000 0000 0000 0000 0000 0000 
0000 0000 0000 0000 0000 0000 0000 0000 
001E FFD6 0034 0043 0044 FFF8 FFF7 0040 
003E FFAA 0081 0083 006D FFF1 FFDD 0079 
001B FF9E 008C 002B 0036 0034 FFD6 0066 
FFF9 FFB6 0030 FFF3 002B 0051 0012 0039 
0000 0000 0000 0000 0000 0000 0000 0000 
0000 0000 0000 0000 0000 0000 0000 0000 
0000 0000 0000 0000 0000 0000 0000 0000 
0000 0000 0000 0000 0000 0000 0000 0000 
0000 0000 0000 0000 0000 0000 0000 0000 
0000 0000 0000 0000 0000 0000 0000 0000 
0000 0000 0000 0000 0000 0000 0000 0000 
