#time0row7[msb-lsb],time0row6[msb-lst],....,time0row0[msb-lst]#
#time1row7[msb-lsb],time1row6[msb-lst],....,time1row0[msb-lst]#
#................#
0 0 0 0 0 0 0 0 
0 0 0 0 0 0 0 0 
0 0 0 0 0 0 0 0 
0 0 0 0 0 0 0 0 
0 0 0 0 0 0 0 0 
0 0 0 0 0 0 0 0 
0 0 0 0 0 0 0 0 
2 0 1 0 2 0 0 3 
0 0 1 0 0 0 0 4 
0 0 1 0 1 0 0 0 
0 0 2 0 2 0 0 3 
0 0 0 0 0 0 0 0 
0 0 0 0 0 0 0 0 
2 0 0 0 0 0 0 C 
0 0 0 0 0 0 0 F 
0 0 0 0 0 0 0 7 
0 0 0 0 0 0 0 8 
0 0 0 0 0 0 0 0 
0 0 0 0 0 0 0 0 
0 0 0 0 3 0 0 A 
0 6 0 0 8 0 0 E 
0 6 0 0 6 C 0 2 
0 0 1 0 5 A 0 1 
0 0 0 0 0 0 0 0 
0 0 0 0 0 0 0 0 
0 2 1 0 8 0 3 7 
0 8 0 0 F 3 5 C 
2 9 6 0 D A 2 7 
2 2 B 0 B 8 2 1 
0 0 0 0 0 0 0 0 
0 0 0 0 0 0 0 0 
0 0 0 0 0 0 0 0 
0 0 0 0 0 0 0 0 
0 0 0 0 0 0 0 0 
0 0 0 0 0 0 0 0 
0 0 0 0 0 0 0 0 
