#time0row0[msb-lsb],time0row1[msb-lst],....time0row7[msb-lst]#
#time1row0[msb-lsb],time1row1[msb-lst],....time1row7[msb-lst]#
#................#
00001001100100000000000110011110
00000101011101000000000101110000
00000000110110000000000010100000
00000000000000000000000000000000
00000000001111000000000000000000
00001101011001110000000010110000
00000110100000000000000000000000
00001000110011000000000010000000
00001101111100100000000011110000
00001100110100000000000011110000
00001000100000100011110110000000
00000101100001100000000001110000
00000110100000110000000010000000
00000000011101010000000110000000
00000101100101100000000110000000
00000000110010000000000101110000
00000000001111110000000000000000
00001000010001010000000010100000
00000101100100111100000011010000
00000000011001010000001111000000
00000000000011110000000111010000
00000111110000100000000101010000
00000110010001010000000110010000
00000010111010000000000010110000
00000100110000000001000001100000
00000110011000000001000000000000
00000110010101110001000000000000
00000110101101010001000001000000
00000100100101110001000010110000
00001001011000000000000000000000
00000100101100110000000000100000
00000100011001100000000110100000
00000111001011110000001010000000
00001100011110100000000110110000
00001101101000000000000001110000
00000111101000010000000001110000
00000000111101110000000010110000
00000000000000000000000000000000
00000000000000000000000000000000
00001000010001000000000011000000
00000001100100000000000000000000
00000000000011110000001111110000
00001101000011110000001011000000
00001111001000010000000101100000
00001010100100100000000010000000
00000110100001010000000010010000
00000110100101000000000010000000
00000110100100010000000010010000
00000101100000100000000001110000
00000010110000000000000001000000
00000000110010100000000010100000
00000010011001000000000011100000
00000110010100000000000001010000
00000010011100001111110001010000
00000010100001000000000110110000
00000100101000000000000000110000
00000011100001000000000101110000
00000010011111110000000010100000
00001000110001010001000001010000
00001000101100000001000000010000
11110011010001110000000000100000
00000011001111110000000001010000
00000111011001000000111100100000
00000110101100100000000000000000
