1 -7 -2 -4 -3 -2 4 5 -6 4 
2 7 7 -4 -3 -2 -4 3 -6 4 
1 -7 7 -4 -3 -2 -4 5 -6 4 
-1 -7 7 -4 -3 -2 -3 5 -6 1 
1 -7 7 -4 -3 -5 -4 -3 -6 4 
1  5  -4 -3 -2 -4 5 -6 4 
1 -7 7 -4 -3 -2 1 5 6 4 
1 -7 3 -4 -3 -2 -4 5 -6 4 
1 -7 -2 -4 -3 -2 4 5 -6 4 
2 7 7 -4 -3 -2 -4 3 -6 4 
1 -7 7 -4 -3 -2 -4 5 -6 4 
-1 -7 7 -4 -3 -2 -3 5 -6 1 
1 -7 7 -4 -3 -5 -4 -3 -6 4 
1  5  -4 -3 -2 -4 5 -6 4 
1 -7 7 -4 -3 -2 1 5 6 4 
1 -7 3 -4 -3 -2 -4 5 -6 4 
1 -7 -2 -4 -3 -2 4 5 -6 4 
2 7 7 -4 -3 -2 -4 3 -6 4 
1 -7 7 -4 -3 -2 -4 5 -6 4 
-1 -7 7 -4 -3 -2 -3 5 -6 1 
1 -7 7 -4 -3 -5 -4 -3 -6 4 
1  5  -4 -3 -2 -4 5 -6 4 
1 -7 7 -4 -3 -2 1 5 6 4 
1 -7 3 -4 -3 -2 -4 5 -6 4 
1 -7 -2 -4 -3 -2 4 5 -6 4 
2 7 7 -4 -3 -2 -4 3 -6 4 
1 -7 7 -4 -3 -2 -4 5 -6 4 
-1 -7 7 -4 -3 -2 -3 5 -6 1 
1 -7 7 -4 -3 -5 -4 -3 -6 4 
1  5  -4 -3 -2 -4 5 -6 4 
1 -7 7 -4 -3 -2 1 5 6 4 
1 -7 3 -4 -3 -2 -4 5 -6 4 
2 7 7 -4 -3 -2 -4 3 -6 4 
1 -7 7 -4 -3 -2 -4 5 -6 4 
-1 -7 7 -4 -3 -2 -3 5 -6 1 
1 -7 7 -4 -3 -5 -4 -3 -6 4 
1  5  -4 -3 -2 -4 5 -6 4 
1 -7 7 -4 -3 -2 1 5 6 4 
1 -7 3 -4 -3 -2 -4 5 -6 4 
1 -7 -2 -4 -3 -2 4 5 -6 4 
2 7 7 -4 -3 -2 -4 3 -6 4 
1 -7 7 -4 -3 -2 -4 5 -6 4 
-1 -7 7 -4 -3 -2 -3 5 -6 1 
1 -7 7 -4 -3 -5 -4 -3 -6 4 
1  5  -4 -3 -2 -4 5 -6 4 
1 -7 7 -4 -3 -2 1 5 6 4 
1 -7 3 -4 -3 -2 -4 5 -6 4 
1 -7 -2 -4 -3 -2 4 5 -6 4 
2 7 7 -4 -3 -2 -4 3 -6 4 
1 -7 7 -4 -3 -2 -4 5 -6 4 
-1 -7 7 -4 -3 -2 -3 5 -6 1 
1 -7 7 -4 -3 -5 -4 -3 -6 4 
1  5  -4 -3 -2 -4 5 -6 4 
1 -7 7 -4 -3 -2 1 5 6 4 
1 -7 3 -4 -3 -2 -4 5 -6 4 
2 7 7 -4 -3 -2 -4 3 -6 4 
1 -7 7 -4 -3 -2 -4 5 -6 4 
-1 -7 7 -4 -3 -2 -3 5 -6 1 
1 -7 7 -4 -3 -5 -4 -3 -6 4 
1  5  -4 -3 -2 -4 5 -6 4 
1 -7 7 -4 -3 -2 1 5 6 4 
1 -7 3 -4 -3 -2 -4 5 -6 4 
