0000 0000 0000 0000 0000 0000 0000 0000 
0000 0000 0000 0000 0000 0000 0000 0000 
0000 0000 0000 0000 0000 0000 0000 0000 
0000 0000 0000 0000 0000 0000 0000 0000 
0000 0000 0000 0000 0000 0000 0000 0000 
0000 0000 0000 0000 0000 0000 0000 0000 
0000 0000 0000 0000 0000 0000 0000 0000 
001C FFDA 0075 0013 0026 0005 FF96 0053 
000E FFE2 0061 000F 001E FFFD FFAA 0045 
0000 FFFC 000E 0002 0004 FFFE FFF4 000A 
0000 FFF2 0031 0007 000E FFF9 FFD6 0023 
0000 0000 0000 0000 0000 0000 0000 0000 
0000 0000 0000 0000 0000 0000 0000 0000 
0000 FFE2 0069 000F 001E FFF1 FFA6 004B 
0018 FFD6 0087 0015 000C FFFD FF9A 0057 
FFCE FFE6 0047 FFE5 FFF2 0011 FFC6 000F 
FFEC FFEA 0045 FFFB 0006 0001 FFC6 0023 
0000 0000 0000 0000 0000 0000 0000 0000 
0000 0000 0000 0000 0000 0000 0000 0000 
0038 FFBE 0080 006B 0065 FFDB FFCD 0079 
002D FF98 00C4 0060 0038 0004 FFB9 0078 
FFD3 FFC4 0060 FFE6 FFF5 0032 FFDA 0020 
FFB4 FFD6 003A FFAF FFDF 0048 FFDE 000A 
0000 0000 0000 0000 0000 0000 0000 0000 
0000 0000 0000 0000 0000 0000 0000 0000 
002F FFC8 0041 0072 006F FFE4 FFFE 0058 
0061 FFAA 006B 007F 005D 001A FFE5 0066 
0021 FFAA 0023 FFF7 0026 008C 000C 0038 
0004 FFE2 FFF8 FFE1 0008 0048 0013 0012 
0000 0000 0000 0000 0000 0000 0000 0000 
0000 0000 0000 0000 0000 0000 0000 0000 
0000 0000 0000 0000 0000 0000 0000 0000 
0000 0000 0000 0000 0000 0000 0000 0000 
0000 0000 0000 0000 0000 0000 0000 0000 
0000 0000 0000 0000 0000 0000 0000 0000 
0000 0000 0000 0000 0000 0000 0000 0000 
