#time0row7[msb-lsb],time0row6[msb-lst],....,time0row0[msb-lst]#
#time1row7[msb-lsb],time1row6[msb-lst],....,time1row0[msb-lst]#
#................#
0 0 0 0 0 0 0 0 
0 0 0 0 0 0 0 0 
0 0 0 0 0 0 0 0 
0 0 0 0 0 0 0 0 
0 0 0 0 0 0 0 0 
0 0 0 0 0 0 0 0 
0 0 0 0 0 0 0 0 
4 0 0 0 0 0 0 F 
2 0 0 0 0 0 0 D 
0 0 0 0 0 0 0 2 
0 0 0 0 0 0 0 7 
0 0 0 0 0 0 0 0 
0 0 0 0 0 0 0 0 
0 0 0 0 0 0 0 F 
0 6 0 0 0 0 0 F 
0 0 0 0 0 A 0 3 
0 0 0 0 0 4 0 7 
0 0 0 0 0 0 0 0 
0 0 0 0 0 0 0 0 
0 5 0 0 C 0 1 F 
0 F 0 0 F C 1 9 
0 5 4 0 6 F 0 0 
0 0 7 0 1 D 0 0 
0 0 0 0 0 0 0 0 
0 0 0 0 0 0 0 0 
0 2 0 0 D 0 4 9 
4 A 0 0 D 2 7 7 
6 4 C 0 8 5 8 0 
2 0 8 0 2 0 3 0 
0 0 0 0 0 0 0 0 
0 0 0 0 0 0 0 0 
0 0 0 0 0 0 0 0 
0 0 0 0 0 0 0 0 
0 0 0 0 0 0 0 0 
0 0 0 0 0 0 0 0 
0 0 0 0 0 0 0 0 
